# timestamp,voltage,pressure,lux,uv,voc,humidity,volume,temperature
1.155489999999999995e+01,4.431000000000000050e+00,1.018899999999999977e+03,9.120000000000000000e+02,2.800000000000000000e+01,1.426410000000000000e+05,4.750000000000000000e+01,4.100000000000000000e+01,2.814000000000000057e+01
1.156184000000000012e+01,3.835999999999999854e+00,1.018899999999999977e+03,4.050000000000000000e+02,1.200000000000000000e+01,1.431030000000000000e+05,5.000000000000000000e+01,4.150000000000000000e+01,2.778000000000000114e+01
1.157572000000000045e+01,3.822000000000000064e+00,1.018700000000000045e+03,2.510000000000000000e+02,7.000000000000000000e+00,1.528740000000000000e+05,5.200000000000000000e+01,4.150000000000000000e+01,2.542999999999999972e+01
1.158266000000000062e+01,3.817000000000000171e+00,1.018600000000000023e+03,2.170000000000000000e+02,5.000000000000000000e+00,1.520850000000000000e+05,5.450000000000000000e+01,4.000000000000000000e+01,2.455999999999999872e+01
1.160351999999999961e+01,3.814000000000000057e+00,1.018399999999999977e+03,4.830000000000000000e+02,1.100000000000000000e+01,1.504040000000000000e+05,5.750000000000000000e+01,4.050000000000000000e+01,2.369999999999999929e+01
1.161744000000000021e+01,3.818999999999999950e+00,1.018399999999999977e+03,1.572000000000000000e+03,3.700000000000000000e+01,1.394910000000000000e+05,5.350000000000000000e+01,4.100000000000000000e+01,2.635000000000000142e+01
1.162439999999999962e+01,3.819999999999999840e+00,1.018399999999999977e+03,1.541000000000000000e+03,3.600000000000000000e+01,1.378600000000000000e+05,4.950000000000000000e+01,4.100000000000000000e+01,2.744999999999999929e+01
1.163829999999999920e+01,3.818000000000000060e+00,1.018100000000000023e+03,4.230000000000000000e+02,9.000000000000000000e+00,1.339960000000000000e+05,4.600000000000000000e+01,4.050000000000000000e+01,2.785000000000000142e+01
1.164522999999999975e+01,3.815999999999999837e+00,1.018000000000000000e+03,1.226000000000000000e+03,2.800000000000000000e+01,1.452180000000000000e+05,4.900000000000000000e+01,4.050000000000000000e+01,2.642999999999999972e+01
1.165914000000000073e+01,3.815999999999999837e+00,1.018000000000000000e+03,1.069000000000000000e+03,2.500000000000000000e+01,1.456960000000000000e+05,4.700000000000000000e+01,4.150000000000000000e+01,2.805000000000000071e+01
1.166609000000000052e+01,3.815999999999999837e+00,1.017799999999999955e+03,1.130000000000000000e+03,2.500000000000000000e+01,1.488850000000000000e+05,4.500000000000000000e+01,4.150000000000000000e+01,2.800000000000000000e+01
1.167999000000000009e+01,3.814999999999999947e+00,1.017799999999999955e+03,9.710000000000000000e+02,2.100000000000000000e+01,1.554260000000000000e+05,4.600000000000000000e+01,4.100000000000000000e+01,2.789999999999999858e+01
1.168693000000000026e+01,3.815999999999999837e+00,1.017799999999999955e+03,3.890000000000000000e+02,1.000000000000000000e+01,1.625690000000000000e+05,4.700000000000000000e+01,4.150000000000000000e+01,2.692000000000000171e+01
1.170082000000000022e+01,3.986000000000000210e+00,1.017700000000000045e+03,1.870000000000000000e+02,4.000000000000000000e+00,1.609420000000000000e+05,5.150000000000000000e+01,4.050000000000000000e+01,2.475000000000000000e+01
1.170777000000000001e+01,4.107999999999999652e+00,1.017600000000000023e+03,1.700000000000000000e+02,4.000000000000000000e+00,1.544760000000000000e+05,5.450000000000000000e+01,4.050000000000000000e+01,2.378999999999999915e+01
1.172165999999999997e+01,4.155000000000000249e+00,1.017700000000000045e+03,8.200000000000000000e+01,2.000000000000000000e+00,1.244720000000000000e+05,5.750000000000000000e+01,3.950000000000000000e+01,2.276999999999999957e+01
1.172860000000000014e+01,4.153999999999999915e+00,1.017600000000000023e+03,7.600000000000000000e+01,2.000000000000000000e+00,1.205690000000000000e+05,5.950000000000000000e+01,4.050000000000000000e+01,2.217000000000000171e+01
1.174249000000000009e+01,4.158999999999999808e+00,1.017500000000000000e+03,2.300000000000000000e+01,0.000000000000000000e+00,1.003260000000000000e+05,6.250000000000000000e+01,3.850000000000000000e+01,2.142000000000000171e+01
1.174943000000000026e+01,4.158999999999999808e+00,1.017500000000000000e+03,1.200000000000000000e+01,0.000000000000000000e+00,1.009560000000000000e+05,6.550000000000000000e+01,3.900000000000000000e+01,2.080000000000000071e+01
1.176332000000000022e+01,4.158999999999999808e+00,1.017700000000000045e+03,0.000000000000000000e+00,0.000000000000000000e+00,9.612800000000000000e+04,6.800000000000000000e+01,4.000000000000000000e+01,2.001999999999999957e+01
1.177027000000000001e+01,4.158999999999999808e+00,1.017700000000000045e+03,0.000000000000000000e+00,0.000000000000000000e+00,8.733000000000000000e+04,6.800000000000000000e+01,3.900000000000000000e+01,1.944999999999999929e+01
1.178416999999999959e+01,4.160999999999999588e+00,1.017600000000000023e+03,0.000000000000000000e+00,0.000000000000000000e+00,9.101500000000000000e+04,6.900000000000000000e+01,3.950000000000000000e+01,1.883999999999999986e+01
1.179110999999999976e+01,4.160000000000000142e+00,1.017700000000000045e+03,0.000000000000000000e+00,0.000000000000000000e+00,8.963100000000000000e+04,7.000000000000000000e+01,3.850000000000000000e+01,1.839999999999999858e+01
1.180499999999999972e+01,4.158000000000000362e+00,1.017700000000000045e+03,0.000000000000000000e+00,0.000000000000000000e+00,8.793800000000000000e+04,7.150000000000000000e+01,3.800000000000000000e+01,1.805999999999999872e+01
1.181193999999999988e+01,4.158000000000000362e+00,1.017700000000000045e+03,0.000000000000000000e+00,0.000000000000000000e+00,8.917900000000000000e+04,7.300000000000000000e+01,3.850000000000000000e+01,1.767000000000000171e+01
1.182582999999999984e+01,4.158999999999999808e+00,1.017899999999999977e+03,0.000000000000000000e+00,0.000000000000000000e+00,9.302600000000000000e+04,7.400000000000000000e+01,3.900000000000000000e+01,1.739000000000000057e+01
1.183277999999999963e+01,4.160000000000000142e+00,1.017899999999999977e+03,0.000000000000000000e+00,0.000000000000000000e+00,9.612800000000000000e+04,7.450000000000000000e+01,3.850000000000000000e+01,1.701000000000000156e+01
1.184667999999999921e+01,4.157000000000000028e+00,1.017899999999999977e+03,0.000000000000000000e+00,0.000000000000000000e+00,9.739800000000000000e+04,7.500000000000000000e+01,3.950000000000000000e+01,1.673999999999999844e+01
1.185361999999999938e+01,4.158000000000000362e+00,1.017799999999999955e+03,0.000000000000000000e+00,0.000000000000000000e+00,1.015360000000000000e+05,7.700000000000000000e+01,3.950000000000000000e+01,1.639000000000000057e+01
1.186752000000000073e+01,4.157000000000000028e+00,1.017700000000000045e+03,0.000000000000000000e+00,0.000000000000000000e+00,1.033750000000000000e+05,7.650000000000000000e+01,3.900000000000000000e+01,1.619000000000000128e+01
1.187447000000000052e+01,4.158999999999999808e+00,1.017700000000000045e+03,0.000000000000000000e+00,0.000000000000000000e+00,1.061670000000000000e+05,7.750000000000000000e+01,3.800000000000000000e+01,1.584999999999999964e+01
1.188836000000000048e+01,4.155000000000000249e+00,1.017700000000000045e+03,0.000000000000000000e+00,0.000000000000000000e+00,1.098600000000000000e+05,7.750000000000000000e+01,3.850000000000000000e+01,1.567999999999999972e+01
1.189530000000000065e+01,4.155999999999999694e+00,1.017600000000000023e+03,0.000000000000000000e+00,0.000000000000000000e+00,1.137460000000000000e+05,7.900000000000000000e+01,3.850000000000000000e+01,1.538000000000000078e+01
1.190920000000000023e+01,4.153999999999999915e+00,1.017700000000000045e+03,0.000000000000000000e+00,0.000000000000000000e+00,1.155290000000000000e+05,7.900000000000000000e+01,3.800000000000000000e+01,1.527999999999999936e+01
1.191615000000000002e+01,4.152999999999999581e+00,1.017700000000000045e+03,0.000000000000000000e+00,0.000000000000000000e+00,1.182320000000000000e+05,7.950000000000000000e+01,3.850000000000000000e+01,1.498000000000000043e+01
1.193004999999999960e+01,4.152999999999999581e+00,1.017700000000000045e+03,0.000000000000000000e+00,0.000000000000000000e+00,1.227450000000000000e+05,8.050000000000000000e+01,3.800000000000000000e+01,1.488000000000000078e+01
1.193698999999999977e+01,4.152000000000000135e+00,1.017700000000000045e+03,0.000000000000000000e+00,0.000000000000000000e+00,1.254430000000000000e+05,8.050000000000000000e+01,3.800000000000000000e+01,1.460999999999999943e+01
1.195088999999999935e+01,4.152999999999999581e+00,1.017600000000000023e+03,0.000000000000000000e+00,0.000000000000000000e+00,1.294840000000000000e+05,8.100000000000000000e+01,3.900000000000000000e+01,1.461999999999999922e+01
1.195783999999999914e+01,4.150000000000000355e+00,1.017600000000000023e+03,0.000000000000000000e+00,0.000000000000000000e+00,1.291060000000000000e+05,8.150000000000000000e+01,3.850000000000000000e+01,1.435999999999999943e+01
1.197174000000000049e+01,4.152999999999999581e+00,1.017399999999999977e+03,0.000000000000000000e+00,0.000000000000000000e+00,1.353290000000000000e+05,8.100000000000000000e+01,3.850000000000000000e+01,1.428999999999999915e+01
1.197868000000000066e+01,4.155000000000000249e+00,1.017399999999999977e+03,0.000000000000000000e+00,0.000000000000000000e+00,1.348130000000000000e+05,8.150000000000000000e+01,3.850000000000000000e+01,1.400999999999999979e+01
1.199257000000000062e+01,4.152000000000000135e+00,1.017299999999999955e+03,0.000000000000000000e+00,0.000000000000000000e+00,1.393810000000000000e+05,8.200000000000000000e+01,3.900000000000000000e+01,1.391000000000000014e+01
1.199951000000000079e+01,4.150999999999999801e+00,1.017299999999999955e+03,0.000000000000000000e+00,0.000000000000000000e+00,1.433350000000000000e+05,8.200000000000000000e+01,3.800000000000000000e+01,1.365000000000000036e+01
1.201341000000000037e+01,4.152000000000000135e+00,1.017200000000000045e+03,0.000000000000000000e+00,0.000000000000000000e+00,1.466630000000000000e+05,8.200000000000000000e+01,3.850000000000000000e+01,1.358999999999999986e+01
1.202036000000000016e+01,4.150999999999999801e+00,1.017100000000000023e+03,0.000000000000000000e+00,0.000000000000000000e+00,1.504040000000000000e+05,8.200000000000000000e+01,3.950000000000000000e+01,1.332000000000000028e+01
1.203425999999999974e+01,4.152000000000000135e+00,1.016899999999999977e+03,0.000000000000000000e+00,0.000000000000000000e+00,1.540720000000000000e+05,8.300000000000000000e+01,3.950000000000000000e+01,1.333000000000000007e+01
1.204119999999999990e+01,4.150000000000000355e+00,1.016899999999999977e+03,0.000000000000000000e+00,0.000000000000000000e+00,1.532710000000000000e+05,8.400000000000000000e+01,3.950000000000000000e+01,1.316000000000000014e+01
1.205509999999999948e+01,4.150000000000000355e+00,1.016799999999999955e+03,0.000000000000000000e+00,0.000000000000000000e+00,1.542070000000000000e+05,8.400000000000000000e+01,3.900000000000000000e+01,1.330000000000000071e+01
1.207596000000000025e+01,4.149000000000000021e+00,1.016600000000000023e+03,0.000000000000000000e+00,0.000000000000000000e+00,1.532710000000000000e+05,8.350000000000000000e+01,3.900000000000000000e+01,1.319999999999999929e+01
1.208291000000000004e+01,4.150999999999999801e+00,1.016500000000000000e+03,0.000000000000000000e+00,0.000000000000000000e+00,1.546110000000000000e+05,8.400000000000000000e+01,3.850000000000000000e+01,1.294999999999999929e+01
1.209680999999999962e+01,4.147999999999999687e+00,1.016299999999999955e+03,0.000000000000000000e+00,0.000000000000000000e+00,1.579240000000000000e+05,8.450000000000000000e+01,3.900000000000000000e+01,1.303999999999999915e+01
1.210374999999999979e+01,4.149000000000000021e+00,1.016299999999999955e+03,0.000000000000000000e+00,0.000000000000000000e+00,1.600680000000000000e+05,8.500000000000000000e+01,3.900000000000000000e+01,1.285999999999999943e+01
1.211766000000000076e+01,4.144999999999999574e+00,1.016200000000000045e+03,0.000000000000000000e+00,0.000000000000000000e+00,1.640770000000000000e+05,8.600000000000000000e+01,3.900000000000000000e+01,1.300999999999999979e+01
1.212461000000000055e+01,4.145999999999999908e+00,1.016100000000000023e+03,0.000000000000000000e+00,0.000000000000000000e+00,1.631690000000000000e+05,8.700000000000000000e+01,3.850000000000000000e+01,1.288000000000000078e+01
1.213851000000000013e+01,4.142999999999999794e+00,1.016000000000000000e+03,0.000000000000000000e+00,0.000000000000000000e+00,1.609420000000000000e+05,8.650000000000000000e+01,3.900000000000000000e+01,1.306000000000000050e+01
1.214545000000000030e+01,4.149000000000000021e+00,1.016000000000000000e+03,0.000000000000000000e+00,0.000000000000000000e+00,1.616770000000000000e+05,8.750000000000000000e+01,4.000000000000000000e+01,1.291000000000000014e+01
1.215934999999999988e+01,4.144000000000000128e+00,1.015799999999999955e+03,0.000000000000000000e+00,0.000000000000000000e+00,1.592030000000000000e+05,8.750000000000000000e+01,3.800000000000000000e+01,1.305000000000000071e+01
1.216629999999999967e+01,4.142999999999999794e+00,1.015799999999999955e+03,0.000000000000000000e+00,0.000000000000000000e+00,1.642290000000000000e+05,8.750000000000000000e+01,3.800000000000000000e+01,1.286999999999999922e+01
1.218021000000000065e+01,4.142000000000000348e+00,1.015600000000000023e+03,0.000000000000000000e+00,0.000000000000000000e+00,1.651490000000000000e+05,8.900000000000000000e+01,4.000000000000000000e+01,1.311999999999999922e+01
1.218715000000000082e+01,4.139000000000000234e+00,1.015600000000000023e+03,0.000000000000000000e+00,0.000000000000000000e+00,1.662360000000000000e+05,9.000000000000000000e+01,3.900000000000000000e+01,1.300999999999999979e+01
1.220105000000000040e+01,4.141000000000000014e+00,1.015700000000000045e+03,0.000000000000000000e+00,0.000000000000000000e+00,1.628680000000000000e+05,8.900000000000000000e+01,3.800000000000000000e+01,1.322000000000000064e+01
1.220800000000000018e+01,4.134999999999999787e+00,1.015600000000000023e+03,1.000000000000000000e+00,0.000000000000000000e+00,1.642290000000000000e+05,8.900000000000000000e+01,3.850000000000000000e+01,1.307000000000000028e+01
1.222189999999999976e+01,4.139999999999999680e+00,1.015600000000000023e+03,1.000000000000000000e+01,0.000000000000000000e+00,1.660800000000000000e+05,8.900000000000000000e+01,3.800000000000000000e+01,1.334999999999999964e+01
1.222884999999999955e+01,4.134000000000000341e+00,1.015600000000000023e+03,1.300000000000000000e+01,0.000000000000000000e+00,1.657690000000000000e+05,8.900000000000000000e+01,3.800000000000000000e+01,1.325999999999999979e+01
1.224273999999999951e+01,4.126999999999999780e+00,1.015600000000000023e+03,2.300000000000000000e+01,0.000000000000000000e+00,1.670210000000000000e+05,8.900000000000000000e+01,3.800000000000000000e+01,1.361999999999999922e+01
1.224970000000000070e+01,4.128000000000000114e+00,1.015600000000000023e+03,3.300000000000000000e+01,1.000000000000000000e+00,1.674950000000000000e+05,9.000000000000000000e+01,3.900000000000000000e+01,1.356000000000000050e+01
1.226360000000000028e+01,4.128999999999999559e+00,1.015600000000000023e+03,3.900000000000000000e+01,1.000000000000000000e+00,1.645350000000000000e+05,8.900000000000000000e+01,3.950000000000000000e+01,1.383999999999999986e+01
1.227054000000000045e+01,4.126000000000000334e+00,1.015600000000000023e+03,4.800000000000000000e+01,1.000000000000000000e+00,1.646880000000000000e+05,8.950000000000000000e+01,3.800000000000000000e+01,1.368999999999999950e+01
1.228445999999999927e+01,3.899999999999999911e+00,1.015600000000000023e+03,9.200000000000000000e+01,3.000000000000000000e+00,1.613820000000000000e+05,8.900000000000000000e+01,4.050000000000000000e+01,1.397000000000000064e+01
1.229139999999999944e+01,3.962000000000000188e+00,1.015600000000000023e+03,8.700000000000000000e+01,3.000000000000000000e+00,1.594910000000000000e+05,9.050000000000000000e+01,3.950000000000000000e+01,1.398000000000000043e+01
1.230530000000000079e+01,3.790999999999999925e+00,1.015399999999999977e+03,1.200000000000000000e+02,4.000000000000000000e+00,1.532710000000000000e+05,8.950000000000000000e+01,3.950000000000000000e+01,1.467999999999999972e+01
1.231226000000000020e+01,3.778000000000000025e+00,1.015399999999999977e+03,1.230000000000000000e+02,4.000000000000000000e+00,1.485100000000000000e+05,8.950000000000000000e+01,3.950000000000000000e+01,1.489000000000000057e+01
1.232615999999999978e+01,3.778999999999999915e+00,1.015399999999999977e+03,1.160000000000000000e+02,4.000000000000000000e+00,1.320950000000000000e+05,8.800000000000000000e+01,4.050000000000000000e+01,1.564000000000000057e+01
1.233310999999999957e+01,3.785000000000000142e+00,1.015500000000000000e+03,1.240000000000000000e+02,4.000000000000000000e+00,1.257110000000000000e+05,8.800000000000000000e+01,4.050000000000000000e+01,1.577999999999999936e+01
1.234700999999999915e+01,3.775999999999999801e+00,1.015399999999999977e+03,1.390000000000000000e+02,5.000000000000000000e+00,1.139660000000000000e+05,8.600000000000000000e+01,4.000000000000000000e+01,1.660999999999999943e+01
1.235397000000000034e+01,3.775999999999999801e+00,1.015500000000000000e+03,1.460000000000000000e+02,4.000000000000000000e+00,1.107550000000000000e+05,8.550000000000000000e+01,4.150000000000000000e+01,1.682999999999999829e+01
1.237482999999999933e+01,3.770999999999999908e+00,1.015500000000000000e+03,1.580000000000000000e+02,5.000000000000000000e+00,1.046600000000000000e+05,8.150000000000000000e+01,4.050000000000000000e+01,1.812000000000000099e+01
1.238873000000000069e+01,3.770000000000000018e+00,1.015299999999999955e+03,1.650000000000000000e+02,5.000000000000000000e+00,1.119460000000000000e+05,7.700000000000000000e+01,4.050000000000000000e+01,1.910000000000000142e+01
1.239568000000000048e+01,3.769000000000000128e+00,1.015200000000000045e+03,1.610000000000000000e+02,5.000000000000000000e+00,1.174470000000000000e+05,7.600000000000000000e+01,4.150000000000000000e+01,1.930000000000000071e+01
1.240958000000000006e+01,3.769000000000000128e+00,1.015100000000000023e+03,1.620000000000000000e+02,5.000000000000000000e+00,1.163650000000000000e+05,7.350000000000000000e+01,4.050000000000000000e+01,2.007999999999999829e+01
1.241653999999999947e+01,3.769000000000000128e+00,1.015000000000000000e+03,1.600000000000000000e+02,5.000000000000000000e+00,1.183110000000000000e+05,7.300000000000000000e+01,4.000000000000000000e+01,2.026000000000000156e+01
1.243045000000000044e+01,3.766999999999999904e+00,1.014799999999999955e+03,1.690000000000000000e+02,5.000000000000000000e+00,1.244720000000000000e+05,7.000000000000000000e+01,4.100000000000000000e+01,2.117000000000000171e+01
1.243740000000000023e+01,3.766999999999999904e+00,1.014600000000000023e+03,1.790000000000000000e+02,5.000000000000000000e+00,1.331890000000000000e+05,6.800000000000000000e+01,4.150000000000000000e+01,2.133999999999999986e+01
1.245130999999999943e+01,3.765000000000000124e+00,1.014399999999999977e+03,1.790000000000000000e+02,5.000000000000000000e+00,1.445060000000000000e+05,6.400000000000000000e+01,4.150000000000000000e+01,2.219000000000000128e+01
1.245825999999999922e+01,3.766000000000000014e+00,1.014200000000000045e+03,1.870000000000000000e+02,6.000000000000000000e+00,1.540720000000000000e+05,6.350000000000000000e+01,4.050000000000000000e+01,2.230000000000000071e+01
1.247216000000000058e+01,3.765000000000000124e+00,1.014200000000000045e+03,2.240000000000000000e+02,8.000000000000000000e+00,1.657690000000000000e+05,6.050000000000000000e+01,4.000000000000000000e+01,2.314999999999999858e+01
1.247911999999999999e+01,3.767999999999999794e+00,1.014100000000000023e+03,2.530000000000000000e+02,8.000000000000000000e+00,1.656130000000000000e+05,5.950000000000000000e+01,4.050000000000000000e+01,2.342999999999999972e+01
1.249302999999999919e+01,3.775999999999999801e+00,1.014000000000000000e+03,2.860000000000000000e+02,9.000000000000000000e+00,1.694210000000000000e+05,5.300000000000000000e+01,4.050000000000000000e+01,2.464999999999999858e+01
1.249999000000000038e+01,3.951999999999999957e+00,1.014100000000000023e+03,2.700000000000000000e+02,9.000000000000000000e+00,1.947410000000000000e+05,5.300000000000000000e+01,4.050000000000000000e+01,2.482999999999999829e+01
1.251388999999999996e+01,4.375000000000000000e+00,1.013799999999999955e+03,3.190000000000000000e+02,1.100000000000000000e+01,2.017450000000000000e+05,5.050000000000000000e+01,4.050000000000000000e+01,2.587999999999999901e+01
1.252083000000000013e+01,4.386000000000000121e+00,1.013700000000000045e+03,3.210000000000000000e+02,1.000000000000000000e+01,1.981810000000000000e+05,5.000000000000000000e+01,4.050000000000000000e+01,2.626000000000000156e+01
1.253475000000000072e+01,4.363999999999999879e+00,1.013500000000000000e+03,3.950000000000000000e+02,1.300000000000000000e+01,1.978430000000000000e+05,4.650000000000000000e+01,4.050000000000000000e+01,2.773000000000000043e+01
1.254168999999999912e+01,4.384999999999999787e+00,1.013399999999999977e+03,4.920000000000000000e+02,1.600000000000000000e+01,1.926910000000000000e+05,4.700000000000000000e+01,4.050000000000000000e+01,2.837000000000000099e+01
1.255560000000000009e+01,4.387999999999999901e+00,1.013000000000000000e+03,7.090000000000000000e+02,2.200000000000000000e+01,2.006970000000000000e+05,4.150000000000000000e+01,4.050000000000000000e+01,2.957000000000000028e+01
1.256255999999999950e+01,4.402999999999999581e+00,1.012799999999999955e+03,8.770000000000000000e+02,3.300000000000000000e+01,2.019790000000000000e+05,4.450000000000000000e+01,4.050000000000000000e+01,2.982999999999999829e+01
1.257646000000000086e+01,4.152000000000000135e+00,1.012600000000000023e+03,1.282000000000000000e+03,6.900000000000000000e+01,1.985200000000000000e+05,3.850000000000000000e+01,4.100000000000000000e+01,3.121000000000000085e+01
1.258339999999999925e+01,4.070000000000000284e+00,1.012500000000000000e+03,1.300000000000000000e+03,3.100000000000000000e+01,2.107940000000000000e+05,3.800000000000000000e+01,4.100000000000000000e+01,3.098000000000000043e+01
1.260427999999999926e+01,3.799999999999999822e+00,1.012299999999999955e+03,1.380000000000000000e+03,3.200000000000000000e+01,2.156300000000000000e+05,3.600000000000000000e+01,4.050000000000000000e+01,3.119999999999999929e+01
1.261815999999999960e+01,3.795999999999999819e+00,1.012100000000000023e+03,8.420000000000000000e+02,1.900000000000000000e+01,2.120790000000000000e+05,3.800000000000000000e+01,4.050000000000000000e+01,3.053999999999999915e+01
1.262509999999999977e+01,3.794999999999999929e+00,1.012000000000000000e+03,8.020000000000000000e+02,1.800000000000000000e+01,2.259990000000000000e+05,4.000000000000000000e+01,4.100000000000000000e+01,2.966000000000000014e+01
1.263898999999999972e+01,3.794000000000000039e+00,1.011899999999999977e+03,1.036000000000000000e+03,2.300000000000000000e+01,2.304920000000000000e+05,4.100000000000000000e+01,4.100000000000000000e+01,2.919999999999999929e+01
1.264593999999999951e+01,3.793000000000000149e+00,1.011899999999999977e+03,1.110000000000000000e+03,2.400000000000000000e+01,2.246850000000000000e+05,4.100000000000000000e+01,4.000000000000000000e+01,2.914000000000000057e+01
1.265984000000000087e+01,3.793000000000000149e+00,1.011700000000000045e+03,1.207000000000000000e+03,2.600000000000000000e+01,2.206920000000000000e+05,4.100000000000000000e+01,4.050000000000000000e+01,2.912999999999999901e+01
1.266679000000000066e+01,3.793000000000000149e+00,1.011600000000000023e+03,1.522000000000000000e+03,3.100000000000000000e+01,2.229560000000000000e+05,4.050000000000000000e+01,4.050000000000000000e+01,2.935000000000000142e+01
1.268069000000000024e+01,3.795999999999999819e+00,1.011299999999999955e+03,4.500000000000000000e+02,9.000000000000000000e+00,2.294280000000000000e+05,4.000000000000000000e+01,4.150000000000000000e+01,2.901999999999999957e+01
1.268763000000000041e+01,3.814000000000000057e+00,1.011299999999999955e+03,2.620000000000000000e+02,6.000000000000000000e+00,2.395410000000000000e+05,4.300000000000000000e+01,4.150000000000000000e+01,2.764999999999999858e+01
1.270149999999999935e+01,4.027000000000000135e+00,1.011100000000000023e+03,1.570000000000000000e+02,4.000000000000000000e+00,2.292770000000000000e+05,4.600000000000000000e+01,4.050000000000000000e+01,2.594000000000000128e+01
1.270846000000000053e+01,3.843999999999999861e+00,1.011200000000000045e+03,1.490000000000000000e+02,4.000000000000000000e+00,2.353270000000000000e+05,4.800000000000000000e+01,4.100000000000000000e+01,2.517999999999999972e+01
1.272235000000000049e+01,4.133000000000000007e+00,1.010899999999999977e+03,3.900000000000000000e+01,0.000000000000000000e+00,1.717230000000000000e+05,5.000000000000000000e+01,3.850000000000000000e+01,2.432999999999999829e+01
1.272927999999999926e+01,4.134000000000000341e+00,1.010799999999999955e+03,2.300000000000000000e+01,0.000000000000000000e+00,1.514340000000000000e+05,5.250000000000000000e+01,4.000000000000000000e+01,2.373000000000000043e+01
1.274318000000000062e+01,4.134999999999999787e+00,1.010899999999999977e+03,8.000000000000000000e+00,0.000000000000000000e+00,1.403770000000000000e+05,5.300000000000000000e+01,3.900000000000000000e+01,2.308999999999999986e+01
1.275013000000000041e+01,4.133000000000000007e+00,1.011000000000000000e+03,9.000000000000000000e+00,0.000000000000000000e+00,1.378600000000000000e+05,5.550000000000000000e+01,3.950000000000000000e+01,2.262999999999999901e+01
1.276402000000000037e+01,4.134999999999999787e+00,1.010799999999999955e+03,0.000000000000000000e+00,0.000000000000000000e+00,1.159080000000000000e+05,5.700000000000000000e+01,3.950000000000000000e+01,2.207000000000000028e+01
1.277096000000000053e+01,4.133000000000000007e+00,1.011000000000000000e+03,0.000000000000000000e+00,0.000000000000000000e+00,1.136000000000000000e+05,5.850000000000000000e+01,3.950000000000000000e+01,2.157000000000000028e+01
1.279179000000000066e+01,4.133000000000000007e+00,1.011000000000000000e+03,0.000000000000000000e+00,0.000000000000000000e+00,9.718400000000000000e+04,6.200000000000000000e+01,3.900000000000000000e+01,2.055999999999999872e+01
1.280569000000000024e+01,4.131999999999999673e+00,1.010700000000000045e+03,0.000000000000000000e+00,0.000000000000000000e+00,8.811300000000000000e+04,6.400000000000000000e+01,3.900000000000000000e+01,2.014000000000000057e+01
1.281264000000000003e+01,4.131999999999999673e+00,1.010600000000000023e+03,0.000000000000000000e+00,0.000000000000000000e+00,8.802600000000000000e+04,6.450000000000000000e+01,3.950000000000000000e+01,1.973000000000000043e+01
1.282652999999999999e+01,4.129999999999999893e+00,1.010500000000000000e+03,0.000000000000000000e+00,0.000000000000000000e+00,8.690100000000000000e+04,6.550000000000000000e+01,4.000000000000000000e+01,1.953000000000000114e+01
1.283347000000000016e+01,4.129999999999999893e+00,1.010700000000000045e+03,0.000000000000000000e+00,0.000000000000000000e+00,9.148600000000000000e+04,6.850000000000000000e+01,3.900000000000000000e+01,1.928000000000000114e+01
1.284736999999999973e+01,4.131999999999999673e+00,1.010600000000000023e+03,0.000000000000000000e+00,0.000000000000000000e+00,8.820100000000000000e+04,6.800000000000000000e+01,3.850000000000000000e+01,1.928000000000000114e+01
1.285432999999999915e+01,4.128999999999999559e+00,1.010299999999999955e+03,0.000000000000000000e+00,0.000000000000000000e+00,8.750300000000000000e+04,6.800000000000000000e+01,3.950000000000000000e+01,1.901000000000000156e+01
1.286823000000000050e+01,4.129999999999999893e+00,1.010399999999999977e+03,0.000000000000000000e+00,0.000000000000000000e+00,9.224900000000000000e+04,7.150000000000000000e+01,3.950000000000000000e+01,1.892999999999999972e+01
1.287517000000000067e+01,4.128999999999999559e+00,1.010399999999999977e+03,0.000000000000000000e+00,0.000000000000000000e+00,9.597100000000000000e+04,7.100000000000000000e+01,3.950000000000000000e+01,1.867999999999999972e+01
1.288907000000000025e+01,4.126999999999999780e+00,1.010399999999999977e+03,0.000000000000000000e+00,0.000000000000000000e+00,8.917900000000000000e+04,7.100000000000000000e+01,3.950000000000000000e+01,1.878000000000000114e+01
1.289602000000000004e+01,4.128000000000000114e+00,1.010200000000000045e+03,0.000000000000000000e+00,0.000000000000000000e+00,8.945000000000000000e+04,7.050000000000000000e+01,3.950000000000000000e+01,1.857999999999999829e+01
1.290991999999999962e+01,4.128000000000000114e+00,1.010500000000000000e+03,0.000000000000000000e+00,0.000000000000000000e+00,9.177100000000000000e+04,7.150000000000000000e+01,3.950000000000000000e+01,1.862999999999999901e+01
1.291686999999999941e+01,4.128000000000000114e+00,1.010399999999999977e+03,0.000000000000000000e+00,0.000000000000000000e+00,9.064200000000000000e+04,7.200000000000000000e+01,3.800000000000000000e+01,1.844999999999999929e+01
1.293075999999999937e+01,4.128999999999999559e+00,1.010500000000000000e+03,0.000000000000000000e+00,0.000000000000000000e+00,9.810000000000000000e+04,7.300000000000000000e+01,4.000000000000000000e+01,1.857999999999999829e+01
1.293770999999999916e+01,4.128000000000000114e+00,1.010399999999999977e+03,0.000000000000000000e+00,0.000000000000000000e+00,9.713100000000000000e+04,7.200000000000000000e+01,3.850000000000000000e+01,1.839999999999999858e+01
1.295161000000000051e+01,4.126999999999999780e+00,1.010299999999999955e+03,0.000000000000000000e+00,0.000000000000000000e+00,9.186600000000000000e+04,7.150000000000000000e+01,3.950000000000000000e+01,1.853999999999999915e+01
1.295856000000000030e+01,4.126999999999999780e+00,1.010100000000000023e+03,0.000000000000000000e+00,0.000000000000000000e+00,9.675900000000000000e+04,7.150000000000000000e+01,3.850000000000000000e+01,1.835000000000000142e+01
1.297245000000000026e+01,4.126000000000000334e+00,1.009899999999999977e+03,0.000000000000000000e+00,0.000000000000000000e+00,9.177100000000000000e+04,7.150000000000000000e+01,3.900000000000000000e+01,1.844000000000000128e+01
1.299329999999999963e+01,4.125000000000000000e+00,1.009700000000000045e+03,0.000000000000000000e+00,0.000000000000000000e+00,9.745200000000000000e+04,7.200000000000000000e+01,3.850000000000000000e+01,1.832000000000000028e+01
1.300023999999999980e+01,4.126999999999999780e+00,1.009600000000000023e+03,0.000000000000000000e+00,0.000000000000000000e+00,9.831900000000000000e+04,7.250000000000000000e+01,3.850000000000000000e+01,1.808999999999999986e+01
1.301413999999999938e+01,4.125000000000000000e+00,1.009500000000000000e+03,0.000000000000000000e+00,0.000000000000000000e+00,1.076540000000000000e+05,7.250000000000000000e+01,3.900000000000000000e+01,1.810999999999999943e+01
1.302108999999999916e+01,4.123999999999999666e+00,1.009399999999999977e+03,0.000000000000000000e+00,0.000000000000000000e+00,1.024770000000000000e+05,7.250000000000000000e+01,3.950000000000000000e+01,1.792000000000000171e+01
1.303499000000000052e+01,4.123999999999999666e+00,1.009299999999999955e+03,0.000000000000000000e+00,0.000000000000000000e+00,1.024770000000000000e+05,7.300000000000000000e+01,4.000000000000000000e+01,1.805000000000000071e+01
1.304193000000000069e+01,4.125000000000000000e+00,1.009299999999999955e+03,0.000000000000000000e+00,0.000000000000000000e+00,1.050950000000000000e+05,7.350000000000000000e+01,3.900000000000000000e+01,1.789000000000000057e+01
1.305583000000000027e+01,4.123999999999999666e+00,1.009200000000000045e+03,0.000000000000000000e+00,0.000000000000000000e+00,1.035570000000000000e+05,7.350000000000000000e+01,3.900000000000000000e+01,1.803999999999999915e+01
1.306278999999999968e+01,4.123000000000000220e+00,1.009200000000000045e+03,0.000000000000000000e+00,0.000000000000000000e+00,1.066800000000000000e+05,7.350000000000000000e+01,3.950000000000000000e+01,1.785999999999999943e+01
1.307668999999999926e+01,4.123000000000000220e+00,1.009299999999999955e+03,0.000000000000000000e+00,0.000000000000000000e+00,1.089130000000000000e+05,7.450000000000000000e+01,3.950000000000000000e+01,1.808999999999999986e+01
1.308362999999999943e+01,4.125000000000000000e+00,1.009299999999999955e+03,0.000000000000000000e+00,0.000000000000000000e+00,1.075880000000000000e+05,7.400000000000000000e+01,3.900000000000000000e+01,1.792999999999999972e+01
1.309753000000000078e+01,4.121000000000000441e+00,1.009299999999999955e+03,0.000000000000000000e+00,0.000000000000000000e+00,1.106850000000000000e+05,7.550000000000000000e+01,3.850000000000000000e+01,1.807000000000000028e+01
1.310448000000000057e+01,4.121999999999999886e+00,1.009299999999999955e+03,0.000000000000000000e+00,0.000000000000000000e+00,1.080480000000000000e+05,7.600000000000000000e+01,3.800000000000000000e+01,1.789999999999999858e+01
1.311838000000000015e+01,4.121000000000000441e+00,1.009399999999999977e+03,0.000000000000000000e+00,0.000000000000000000e+00,1.007830000000000000e+05,7.500000000000000000e+01,3.850000000000000000e+01,1.801000000000000156e+01
1.312532000000000032e+01,4.120000000000000107e+00,1.009299999999999955e+03,0.000000000000000000e+00,0.000000000000000000e+00,1.001560000000000000e+05,7.550000000000000000e+01,3.850000000000000000e+01,1.782000000000000028e+01
1.313921000000000028e+01,4.118000000000000327e+00,1.009299999999999955e+03,0.000000000000000000e+00,0.000000000000000000e+00,9.649500000000000000e+04,7.500000000000000000e+01,3.850000000000000000e+01,1.789000000000000057e+01
1.314616999999999969e+01,4.121000000000000441e+00,1.009399999999999977e+03,0.000000000000000000e+00,0.000000000000000000e+00,9.660000000000000000e+04,7.600000000000000000e+01,3.950000000000000000e+01,1.769999999999999929e+01
1.316006999999999927e+01,4.118999999999999773e+00,1.009299999999999955e+03,0.000000000000000000e+00,0.000000000000000000e+00,9.713100000000000000e+04,7.550000000000000000e+01,3.900000000000000000e+01,1.776999999999999957e+01
1.316700999999999944e+01,4.120000000000000107e+00,1.009200000000000045e+03,0.000000000000000000e+00,0.000000000000000000e+00,9.654700000000000000e+04,7.600000000000000000e+01,3.800000000000000000e+01,1.757999999999999829e+01
1.318089999999999939e+01,4.118999999999999773e+00,1.009100000000000023e+03,0.000000000000000000e+00,0.000000000000000000e+00,9.793700000000000000e+04,7.650000000000000000e+01,3.900000000000000000e+01,1.769999999999999929e+01
1.318786000000000058e+01,4.118000000000000327e+00,1.009200000000000045e+03,0.000000000000000000e+00,0.000000000000000000e+00,9.772100000000000000e+04,7.700000000000000000e+01,3.900000000000000000e+01,1.750000000000000000e+01
1.320176000000000016e+01,4.118000000000000327e+00,1.009500000000000000e+03,0.000000000000000000e+00,0.000000000000000000e+00,1.007260000000000000e+05,7.800000000000000000e+01,3.900000000000000000e+01,1.758999999999999986e+01
1.320870000000000033e+01,4.116999999999999993e+00,1.009600000000000023e+03,4.000000000000000000e+00,0.000000000000000000e+00,1.003830000000000000e+05,7.750000000000000000e+01,3.900000000000000000e+01,1.742000000000000171e+01
1.322259999999999991e+01,4.113000000000000433e+00,1.009600000000000023e+03,1.500000000000000000e+01,0.000000000000000000e+00,1.031940000000000000e+05,7.750000000000000000e+01,3.900000000000000000e+01,1.764000000000000057e+01
1.322955999999999932e+01,4.110999999999999766e+00,1.009700000000000045e+03,1.600000000000000000e+01,0.000000000000000000e+00,1.044130000000000000e+05,7.850000000000000000e+01,4.000000000000000000e+01,1.753000000000000114e+01
1.324346000000000068e+01,4.096000000000000085e+00,1.009799999999999955e+03,3.500000000000000000e+01,1.000000000000000000e+00,1.049080000000000000e+05,7.800000000000000000e+01,3.900000000000000000e+01,1.785000000000000142e+01
1.325042000000000009e+01,3.902000000000000135e+00,1.009899999999999977e+03,5.100000000000000000e+01,1.000000000000000000e+00,1.076540000000000000e+05,7.950000000000000000e+01,4.050000000000000000e+01,1.780999999999999872e+01
1.326431999999999967e+01,3.871999999999999886e+00,1.009899999999999977e+03,5.700000000000000000e+01,1.000000000000000000e+00,1.041670000000000000e+05,7.800000000000000000e+01,4.050000000000000000e+01,1.830000000000000071e+01
1.327125999999999983e+01,3.774999999999999911e+00,1.009899999999999977e+03,5.500000000000000000e+01,2.000000000000000000e+00,1.011870000000000000e+05,7.800000000000000000e+01,3.950000000000000000e+01,1.830000000000000071e+01
1.329212000000000060e+01,3.751999999999999780e+00,1.009899999999999977e+03,1.220000000000000000e+02,4.000000000000000000e+00,1.030740000000000000e+05,7.850000000000000000e+01,4.050000000000000000e+01,1.894999999999999929e+01
1.330602999999999980e+01,3.750000000000000000e+00,1.009799999999999955e+03,1.600000000000000000e+02,4.000000000000000000e+00,1.014770000000000000e+05,7.750000000000000000e+01,3.950000000000000000e+01,1.982000000000000028e+01
1.331298999999999921e+01,3.750000000000000000e+00,1.009899999999999977e+03,1.180000000000000000e+02,4.000000000000000000e+00,1.048460000000000000e+05,7.750000000000000000e+01,4.000000000000000000e+01,2.005999999999999872e+01
1.332689000000000057e+01,3.754000000000000004e+00,1.010000000000000000e+03,1.980000000000000000e+02,5.000000000000000000e+00,1.049700000000000000e+05,7.600000000000000000e+01,4.000000000000000000e+01,2.083999999999999986e+01
1.333384000000000036e+01,3.754000000000000004e+00,1.010100000000000023e+03,1.760000000000000000e+02,5.000000000000000000e+00,1.050950000000000000e+05,7.650000000000000000e+01,4.000000000000000000e+01,2.092000000000000171e+01
1.334773000000000032e+01,3.750999999999999890e+00,1.010200000000000045e+03,2.050000000000000000e+02,6.000000000000000000e+00,9.903400000000000000e+04,7.600000000000000000e+01,4.050000000000000000e+01,2.139000000000000057e+01
1.335468999999999973e+01,3.750000000000000000e+00,1.010200000000000045e+03,2.120000000000000000e+02,6.000000000000000000e+00,9.205700000000000000e+04,7.650000000000000000e+01,4.050000000000000000e+01,2.146000000000000085e+01
1.336858999999999931e+01,3.751999999999999780e+00,1.010100000000000023e+03,2.040000000000000000e+02,6.000000000000000000e+00,9.036400000000000000e+04,7.500000000000000000e+01,4.000000000000000000e+01,2.212000000000000099e+01
1.337552999999999948e+01,3.755999999999999783e+00,1.010200000000000045e+03,2.540000000000000000e+02,8.000000000000000000e+00,9.129700000000000000e+04,7.500000000000000000e+01,4.100000000000000000e+01,2.214999999999999858e+01
1.338944000000000045e+01,3.754999999999999893e+00,1.010299999999999955e+03,2.830000000000000000e+02,8.000000000000000000e+00,8.981300000000000000e+04,7.300000000000000000e+01,4.000000000000000000e+01,2.283999999999999986e+01
1.339639000000000024e+01,3.755999999999999783e+00,1.010399999999999977e+03,2.860000000000000000e+02,8.000000000000000000e+00,9.718400000000000000e+04,7.050000000000000000e+01,4.100000000000000000e+01,2.292999999999999972e+01
1.341028999999999982e+01,3.755999999999999783e+00,1.010200000000000045e+03,2.920000000000000000e+02,8.000000000000000000e+00,1.083130000000000000e+05,6.800000000000000000e+01,4.050000000000000000e+01,2.323999999999999844e+01
1.341722999999999999e+01,3.758000000000000007e+00,1.010100000000000023e+03,2.760000000000000000e+02,8.000000000000000000e+00,1.112420000000000000e+05,6.900000000000000000e+01,4.150000000000000000e+01,2.326999999999999957e+01
1.343112999999999957e+01,3.755999999999999783e+00,1.010100000000000023e+03,2.170000000000000000e+02,6.000000000000000000e+00,1.076540000000000000e+05,6.850000000000000000e+01,4.050000000000000000e+01,2.335999999999999943e+01
1.343807999999999936e+01,3.753000000000000114e+00,1.010100000000000023e+03,2.840000000000000000e+02,7.000000000000000000e+00,1.159840000000000000e+05,6.850000000000000000e+01,4.000000000000000000e+01,2.305999999999999872e+01
1.345198000000000071e+01,3.761000000000000121e+00,1.010000000000000000e+03,3.240000000000000000e+02,9.000000000000000000e+00,1.162120000000000000e+05,6.650000000000000000e+01,4.050000000000000000e+01,2.367999999999999972e+01
1.345894000000000013e+01,3.758000000000000007e+00,1.009899999999999977e+03,3.870000000000000000e+02,1.200000000000000000e+01,1.172910000000000000e+05,6.700000000000000000e+01,4.050000000000000000e+01,2.387999999999999901e+01
1.347283999999999970e+01,3.786000000000000032e+00,1.009899999999999977e+03,4.720000000000000000e+02,1.400000000000000000e+01,1.292000000000000000e+05,6.450000000000000000e+01,4.000000000000000000e+01,2.448000000000000043e+01
1.347978999999999949e+01,3.762000000000000011e+00,1.009899999999999977e+03,3.890000000000000000e+02,1.100000000000000000e+01,1.281700000000000000e+05,6.250000000000000000e+01,4.050000000000000000e+01,2.460999999999999943e+01
1.349369000000000085e+01,3.770999999999999908e+00,1.009600000000000023e+03,3.400000000000000000e+02,1.000000000000000000e+01,1.303430000000000000e+05,6.100000000000000000e+01,4.050000000000000000e+01,2.523000000000000043e+01
1.350064000000000064e+01,4.078000000000000291e+00,1.009700000000000045e+03,4.990000000000000000e+02,1.500000000000000000e+01,1.406000000000000000e+05,5.950000000000000000e+01,4.100000000000000000e+01,2.516000000000000014e+01
1.351454000000000022e+01,3.758000000000000007e+00,1.009600000000000023e+03,3.260000000000000000e+02,8.000000000000000000e+00,1.367940000000000000e+05,5.900000000000000000e+01,4.050000000000000000e+01,2.594000000000000128e+01
1.352149000000000001e+01,4.399000000000000021e+00,1.009600000000000023e+03,3.930000000000000000e+02,1.300000000000000000e+01,1.369000000000000000e+05,5.950000000000000000e+01,4.050000000000000000e+01,2.562999999999999901e+01
1.353538999999999959e+01,4.405999999999999694e+00,1.009500000000000000e+03,4.660000000000000000e+02,1.600000000000000000e+01,1.456960000000000000e+05,5.500000000000000000e+01,4.050000000000000000e+01,2.678999999999999915e+01
1.354235000000000078e+01,4.427999999999999936e+00,1.009500000000000000e+03,6.220000000000000000e+02,1.900000000000000000e+01,1.513050000000000000e+05,5.400000000000000000e+01,4.150000000000000000e+01,2.758999999999999986e+01
1.355625999999999998e+01,4.333000000000000185e+00,1.009399999999999977e+03,7.090000000000000000e+02,2.300000000000000000e+01,1.538040000000000000e+05,4.900000000000000000e+01,4.000000000000000000e+01,2.917000000000000171e+01
